1000 5000
1000 5000
1000 6000
1000 7500
1000 500
1000 500
1000 500
1000 500
1000 5000
1000 500
1000 500
1000 500
1000 500
1000 500
1000 500
1000 500
1000 7500
1000 8000
1000 7000
1000 9000
1000 6000
1000 9500
1000 8500
1000 7500
1000 7000
1000 6000
1000 7000
1000 7000
1000 6500
1000 5000
1000 6000
1000 7500
1000 6000
1000 6000
1000 3500
1000 6000
1000 7500
1000 5000
60142 2500
60222 1000
60326 2500
60395 1500
60433 -300.0
60521 1500
60536 10000
60723 2000
60739 1000
60784 500
60871 500
60890 500
60910 500
60971 500
61015 1000
61038 500
61062 500
61089 500
61135 500
51850 1000
51913 -150.0
58776 1000
58793 500
